55002
44062
44202
33262
33402
33462
22602
22662
8
1111101111
0000000000
1111001110
0000000200
1110001110
0000000000
1100001100
0000020000
0000000000
0000000000
2000000000
0000000000
0000000000
0000000000
0000000000
0000000000
0000000000
0000000000
0000000000
0000000023
55444
44834
44573
33174
33491
32991
22644
22221
8
2000000000
0010011100
0010000001
0000000001
1111100001
0000000100
0001100100
0000000101
1111000101
0000000023
0000000000
0000000000
0000000000
0000000200
0000000000
0000000000
0000000000
0000020000
0000000000
0000000000
037