55 0010203040
55 0919293949
44 90807060
44 99897969
33 021222
22 5354
22 9495
7
1010000001
1010000001
1010000001
1000000001
1000000001
0001100000
1000200001
1000000001
1000000001
1000110001

3000000000
0000000000
0000000000
0000000000
0000000000
0000000000
0000000000
0000000000
0000000000
0000000002

55 4252627282
44 28384858
33 041424
33 758595
22 8889
21 0001
22 1606
7
3100101000
0000101000
0000100010
0000000010
0010000010
0010000010
0010000000
0010010000
0010010011
0000010002

0000000000
0000000000
0000000000
0000000000
0000000000
0000000000
0000200000
0000000000
0000000000
0000000000
0 6455 0010203040
55 0919293949
44 90807060
44 99897969
33 021222
33 041424
33 061626
7
1010101001
1010101021
1010101001
1000000001
1000000001
0000000000
1000000001
1000000001
1000002001
1000000001

2000000000
0000000000
0000000000
0000000000
0000000000
0000000000
0000000000
0000000000
0000000000
0000000002


55 2726252423
44 76757473
33 918171
33 939495
22 4939
22 4041
22 9897
7
2000000000
0000000000
0001111100
0000000001
1100000001
0000000000
0000000000
0101111000
0100000000
0101110112

0000000000
0000000020
0000000000
0000000000
0000000000
0000000000
0000000000
0000000000
0000002000
0000000000


0 18